0011100
1000011
1001111
0010001
0101000
1011000
0111011
0010000

00111000
10000111
10011011
00101001
01001000
10111000
01111011

1100
00010000
11000101
1011
10110001
001010
01100111
1

01000000
00010000
10000000
10000000
00000001
00001000
01000000
00000001

11100000
01000000
00001000
00000000
00000010
00000000
00100000
10000000

01100000
00000010
00100000
01000000
00000100
00000000
00010000
00000001

01000000
00000001
00100000
00000100
00010000
00000010
00001000
10000000

00100100
00110011
01010000
00000000
00000000
00000000
00000000
00000000

00011100
01101010
00100000
00000000
00000000
00000000
00000000
00000000